id nitro phos  potas ash  height
 1 2.20  0.417 1.35  1.79 351
 2 2.10  0.354 0.90  1.08 249
 3 1.52  0.208 0.71  0.47 171
 4 2.88  0.335 0.90  1.48 373
 5 2.18  0.314 1.26  1.09 321
 6 1.87  0.271 1.15  0.99 191
 7 1.52  0.164 0.83  0.85 225
 8 2.37  0.302 0.89  0.94 291
 9 2.06  0.373 0.79  0.80 284
10 1.84  0.265 0.72  0.77 213
11 1.89  0.192 0.46  0.46 138
12 2.45  0.221 0.76  0.95 213
13 1.88  0.186 0.52  0.95 151
14 1.93  0.207 0.60  0.92 130
15 1.80  0.157 0.67  0.60  93
16 1.81  0.195 0.47  0.57  95
17 1.49  0.165 0.66  0.80 147
18 1.53  0.226 0.68  0.66  88
19 1.43  0.224 0.44  0.45  65
20 1.54  0.271 0.51  0.95 120
21 1.13  0.187 0.38  0.63  72
22 1.63  0.200 0.62  1.10 160
23 1.36  0.211 0.71  0.47  72
24 1.76  0.283 0.96  0.96 252
25 2.53  0.284 0.85  1.39 310
26 2.59  0.303 1.02  0.95 336